//グラスマップ全体を配列として格納
int mapData[MAP_HEIGHT][MAP_WIDTH] = {
	{4,5,1,1,1,4,5,4,5,4,5,4,5,4,5,4,5,6,7,6,7,4,5,6,7,4,5,6,7,1,6,7,6,7,4,5,4,5,6,7},
	{6,7,1,8,9,6,7,6,7,6,7,6,7,6,7,6,7,1,1,1,1,6,7,4,5,6,7,1,1,1,1,4,5,1,6,7,6,7,4,5},
	{5,4,5,10,11,4,5,4,5,1,4,5,4,5,4,5,1,1,1,4,5,4,5,6,7,1,1,1,1,1,1,6,7,1,1,1,2,1,6,7},
	{7,6,7,0,0,6,7,6,7,1,6,7,6,7,6,7,1,4,5,6,7,6,7,1,1,1,1,3,0,0,0,1,1,1,0,0,0,0,1,4},
	{4,5,1,1,0,0,0,0,0,0,1,1,1,4,5,4,5,6,7,1,1,1,1,0,0,0,0,1,0,0,0,0,0,0,0,0,0,0,0,6},
	{6,7,4,5,0,0,0,0,0,0,0,0,0,6,7,6,7,1,1,2,1,0,0,0,0,0,1,1,1,0,0,0,0,1,0,0,0,0,0,4},
	{5,1,6,7,0,0,0,0,0,0,0,0,0,1,1,1,1,1,0,0,0,0,3,0,1,0,0,1,0,0,0,0,1,1,0,0,0,0,1,6},
	{7,4,5,1,1,1,1,0,0,0,1,1,1,0,0,0,0,0,0,0,0,0,1,0,0,1,0,0,0,0,0,0,0,1,0,0,0,1,1,4},
	{1,6,7,1,1,1,1,1,0,0,0,1,0,0,0,0,0,1,0,0,1,0,0,0,0,0,1,0,0,0,1,1,0,0,0,0,1,1,1,6},
	{4,5,1,1,1,1,4,5,1,0,3,0,0,0,1,0,0,0,0,1,1,1,0,0,0,0,0,0,0,1,0,0,0,0,0,0,0,0,1,1},
	{6,7,1,4,5,1,6,7,1,0,0,0,0,0,0,1,0,0,0,0,1,0,1,0,0,0,0,0,0,0,1,0,0,1,0,0,0,0,1,1},
	{5,4,5,6,7,4,5,1,1,1,0,0,0,0,0,0,0,0,1,0,0,0,1,1,0,0,0,1,1,0,0,1,1,1,0,2,1,1,1,4},
	{7,6,7,1,1,6,7,4,5,1,1,2,0,1,1,1,1,0,1,1,0,1,0,1,1,1,1,4,5,1,1,4,5,4,5,4,5,4,5,6},
	{5,4,5,4,5,1,1,6,7,4,5,1,1,1,1,1,1,4,5,4,5,4,5,1,3,1,1,6,7,4,5,6,7,6,7,6,7,6,7,4},
	{7,6,7,6,7,4,5,4,5,6,7,4,5,1,1,4,5,6,7,6,7,6,7,4,5,4,5,4,5,6,7,4,5,4,5,4,5,4,5,6,},
};

マップ数字修正